2.297061
2.098463
3.355242
2.574945
2.924533
2.362646
2.33217
2.277473
3.317617
2.364972
6.173822
2.02788
2.114883
2.605199
2.59874
2.359438
2.006673
2.308977
4.006126
5.496012
2.803688
2.050408
2.603969
2.268105
2.441037
3.33891
3.393086
2.452784
2.236312
4.409024
2.993242
2.274858
2.052056
2.333167
2.278673
2.561505
2.022027
2.324643
2.098332
3.045579
2.728868
2.038967
2.044908
2.271438
2.057136
2.111999
2.294676
2.077235
2.219855
2.158001
2.021405
6.159644
2.50434
2.419276
2.53789
2.164727
3.205187
3.242071
3.639104
2.150919
3.016447
2.200448
2.400448
2.087455
2.099806
2.42211
3.218582
2.748321
2.053216
2.094668
2.000942
3.266479
2.123691
2.338758
2.126337
2.688819
2.106514
2.109509
2.10842
2.051657
2.14056
2.09031
2.005552
2.345955
2.181732
2.178255
2.350001
2.243444
2.38233
2.938715
2.354405
3.229982
4.099106
2.320613
2.022636
2.018717
2.400856
2.47225
2.220098
2.00766
3.399673
2.122864
2.08962
2.806362
2.430034
2.267931
2.001986
2.325689
2.247097
2.015177
2.157728
3.369052
2.612616
2.00003
2.00798
3.819425
2.798473
2.032963
2.079899
2.148798
2.975411
2.129694
2.411329
2.069035
2.796126
2.116291
2.118661
4.227549
2.04771
2.219488
3.004074
3.063067
3.122924
2.981301
2.003369
2.065878
3.372614
2.936601
2.097046
2.0257
2.082927
2.117531
2.104365
2.417657
2.387877
3.144532
2.152835
2.409949
2.120217
2.996424
2.058326
3.622638
2.637207
2.025504
2.144957
2.030442
3.05623
2.008576
2.354982
2.103528
2.68946
3.098916
2.097841
2.154296
2.377863
2.959616
3.066444
2.570375
2.032091
4.227559
